76860000
16252000
26031000
30365000
4030
7512
29584
5653
6275
1793
32559
7409
32068000
26190000
2440
18763
134
10505
28650
6472
9640
8151
26968
25324
14700
23545
29488
7731
17331
13908
28938
5469
18056
18011
995
28553
28256
24894
23675
18821
6048
6493
3323
20709
19808
20995
7643
5458
9583
15185
27139
1061
7575
19064
1584
16949
24098
556
14234
22508
1436
8021
15828
25505
25051
32263
29683
17953
14909
19124
3314
32143
3889
21408
28501
8815
29433
3734
29709
15101
24494
9946
3228
22723
11908
10078
5241
13418
5199
5432
20918
15313
18246
3668
26848
18012
12807
16486
18471
25487
22492
19491
19902
30683
20029
26801
11653
7095
28566
23388
23014
28915
11082
6026
29692
25161
5879
6897
1787
310
9468
23047
4812
30216
9272
20666
10743
13879
27925
2914
9926
29944
24517
15348
15272
528
6092
12152
25299
2790
30911
14269
28973
29149
30795
23883
20589
12256
18808
28057
9341
29759
19759
14720
24611
30393
27643
6128
3297
12250
15628
226
18970
27527
7809
21645
18293
27095
8935
8925
16007
548
30716
1825
12204
31842
10937
27652
26165
5296
27792
19390
1993
23853
15859
16523
13061
29197
8725
31068
29030
13292
16372
26317
32873
31841
5271
13400
13808
215
6804
25032
1000
22424
2774
4336
24361
21291
6813
23452
3485
10208
23238
17864
8101
4009
7245
8208
6328
24619
32272
28264
2894
18197
2006
9997
11260
8369
30351
23996
8160
7353
7646
12065
2623
9579
724
32914
7533
15583
5119
26621
13037
17561
8867
20511
11994
25435
327
11511
12933
32060
27507
21627
25184
29182
6841
20361
17179
5533
11506
14112
29196
5924
16330
29136
15572
18884
25983
25967
23616
1063
22245
28942
22125
2562
1710
17195
19504
13290
31208
24617
13748
18792
2503
27901
21093
16719
29349
4649
20493
23629
21575
2798
27965
19905
1890
13501
6895
26316
27741
13040
24937
30635
5977
31415
3173
23364
32111
23381
25198
24830
1848
22156
27533
2262
11411
23893
2853
17840
32162
17621
28956
14826
15638
1933
9787
8759
28589
9937
14296
25259
1272
16507
18098
27154
32098
11488
32028
24454
12654
14595
12382
20033
7744
20745
12632
17327
23391
12013
4200
5063
7609
24949
22670
14236
27624
16229
1486
31279
26547
6898
15062
26504
20696
18809
31201
12805
9481
21361
25819
497
33076
24735
18630
25432
10247
13448
30812
17946
20916
20268
14838
17471
10481
1521
19628
8842
6467
10462
18622
16209
21117
2057
24371
25484
9603
27987
15551
10795
7764
24146
5098
29101
32584
14991
4719
3054
33174
2546
17890
8256
32536
3962
13206
29630
26963
29745
10174
3037
12722
7776
32722
24388
1810
2303
29749
2270
3203
12143
9492
12589
27981
24940
28305
8673
29234
4925
18465
14249
31731
32301
13106
9801
1814
9535
32018
17133
7397
4638
22540
18620
21946
24147
4052
19377
20602
23738
23845
19878
17248
30519
7336
10674
2556
5285
27928
18869
21627
6927
30884
23089
23592
25123
28052
28764
16691
10723
27184
22131
30129
27038
24541
29264
23013
2847
12682
31295
28094
26148
4426
27662
15264
4114
24898
31331
24680
21478
7110
25682
21674
26223
1727
27439
23356
10939
13904
23201
14585
6863
8889
22264
6591
10394
21883
26049
18106
11052
29117
25751
4581
11300
7150
25148
6861
10599
1196
3560
20633
7960
6884
12512
21831
28100
10555
26187
9784
28892
25261
1345
11759
22889
8820
28966
8982
8443
25388
17462
22721
10466
12596
2144
25591
22945
7255
29272
14959
22176
27820
21224
11927
6689
7866
12935
27866
3445
27360
19244
24099
29040
23541
21604
5021
11034
14635
21923
8126
18599
18233
29399
32899
21162
9401
26435
32509
15749
17870
8843
10252
3876
21259
15371
17003
3307
28560
12397
26092
1516
10870
7547
6149
3422
8046
28721
4492
14666
2724
14615
4543
14728
21482
6862
25223
23274
21778
1768
29182
19127
24475
15613
9518
11867
17809
16378
18460
25436
27054
13757
16133
31632
6853
25823
23783
18830
15969
17617
835
4450
3753
21547
28449
12677
28550
10560
22358
22540
7944
28918
16386
6175
17670
20437
10076
29613
9733
22877
28594
11614
32091
4509
10923
30409
17045
11521
10704
20200
24085
33388
30794
9416
4352
25478
8685
4741
5207
20312
27510
17526
13155
13078
24593
24741
25943
11579
22559
33410
10801
1755
23861
7896
12001
22325
3944
25599
31917
1417
28616
27220
14292
7465
13354
18662
12657
10193
2091
25202
20643
33339
24433
32402
5867
24303
15668
817
17365
27481
5373
25154
23515
19229
10414
4017
5766
23983
1987
5018
30678
33310
5079
3258
6372
19760
11882
14115
25542
26036
29665
19251
18099
31508
10190
18630
8807
2602
13938
33451
30665
25684
28545
32341
6348
11467
24100
31699
24723
16432
25156
14851
14040
14952
28422
19202
25230
3754
4754
3302
28613
26070
11033
6832
11471
14089
27926
18812
33441
20078
7892
1531
11387
13911
11568
9763
4812
13964
32160
805
19792
24034
8564
28576
4219
18960
20060
24084
2586
8639
16427
19353
28984
29920
26586
17105
19774
30530
3024
2843
14431
18788
15712
22537
8499
17288
18324
3349
20386
30472
31529
27023
12548
23021
31706
12506
12166
20670
29410
8920
6352
2710
19132
22691
22501
25465
22573
22910
1610
16616
5252
31755
6250
7347
19745
26558
10553
12815
27700
19089
10520
33000
16071
5881
29689
7033
23551
24089
4803
29209
4510
6710
11256
4440
31181
32108
26517
1610
7705
6303
19001
23843
19387
28340
19338
28164
32028
18432
11220
27669
31896
23040
19700
27348
9346
5963
4725
19885
24681
15302
3320
21962
21402
26903
29913
16940
18662
26460
14351
13819
20390
24092
8020
22810
10748
6525
20103
26367
28763
12216
9294
8130
3657
6859
15615
20339
31843
6766
7361
24497
23458
29255
17646
10104
21982
22625
14524
27963
26512
10203
13597
20275
30428
11229
8163
1526
23503
5840
29224
13643
15845
31183
8685
16189
27342
20568
20225
19822
2673
29768
14117
1198
21554
3590
13677
5836
10608
21758
20713
9900
14674
13393
7813
12954
4548
10186
31278
30942
16828
25877
23350
2705
28866
9515
18426
32943
4015
8721
11458
1901
1717
7362
6632
13260
1183
32618
11581
22382
21338
28628
10920
18088
21941
26150
2064
17626
4709
7116
28796
2811
28748
26290
33401
7288
2043
21686
19901
24127
11893
7005
21513
9238
7477
12228
4436
10290
23411
6874
20261
8453
19620
24013
18241
26967
2112
31426
22918
28312
24263
30153
22807
22901
12294
25104
13497
9385
30359
20311
32381
5654
11431
11171
5792
19988
28155
27959
32175
24841
31541
6336
4590
12090
33364
30672
15355
28384
20603
5005
20143
7295
20723
18347
7749
17779
32114
33175
4798
24779
9118
32757
14723
10843
9165
9805
6733
13325
3343
14593
21314
8568
14958
5507
16481
16820
21876
15044
12831
31596
25070
13808
30546
16180
14064
18264
15951
29725
2329
21424
4431
4743
27160
30074
29208
24887
24943
17090
22745
2218
33399
6924
6741
28840
9125
4491
31043
7196
6923
18323
26357
30498
9250
19281
14137
19298
21190
20154
19325
20125
14210
19137
31030
32645
6414
25293
12162
17618
26390
7274
8203
33426
19005
16190
28463
6592
30050
28992
12127
1561
7202
25380
11205
3627
12958
8473
17962
14767
23166
23479
27670
33304
8502
15667
26425
29036
29575
7894
3337
9043
27209
12973
4525
23662
21609
30081
33306
11241
8750
32009
10620
19284
5568
30303
26071
12462
23786
26801
12270
1731
30751
4153
23140
32697
4795
25967
19489
13797
12428
9341
14839
3811
21649
26867
9093
21733
1281
12732
5980
31307
20623
24913
33377
15220
14573
3628
3699
4820
9871
14208
21581
13127
18865
12839
25773
31909
3227
25051
27830
7831
31524
4778
31122
23977
17269
1700
8029
11936
13327
3031
1854
7181
23312
11901
10455
10786
10929
23411
13024
11461
18196
1773
26382
17379
24893
11113
27962
29191
17246
13537
25023
33067
29271
11333
8996
10702
2173
14120
8955
12358
11674
16314
15880
27736
20534
22774
24486
28422
33813
13084
29799
15016
10753
13410
28667
16702
17610
2534
27219
7429
8074
17640
6149
14152
10541
22582
8691
20857
10545
2535
8232
9344
12715
11596
15362
2643
29323
14628
15766
26055
21024
3599
2128
15526
28383
33094
19162
14337
28256
32648
26175
32455
15785
23640
20561
7831
9903
8549
30024
30419
24346
29258
23723
23030
29769
22647
5492
22823
14486
2927
11631
28174
5595
2357
14307
30438
26933
4864
10100
14547
19463
25142
32584
23670
28226
10648
8041
6335
26084
14010
12394
32771
6079
18359
29262
9039
7548
26914
29349
32763
19679
28736
28152
27522
17485
25972
24679
29073
8331
29434
2449
22621
16328
11224
26548
16186
13790
16146
28181
2922
21973
27422
31395
5938
29864
17815
20183
22323
18764
11062
4062
27128
3567
27645
4602
17868
18046
1973
29478
30926
20585
3739
18681
12103
8106
31319
26060
29754
19716
4909
31007
24637
22920
13687
3897
10888
19294
2899
13327
20556
1986
3737
15719
17990
3661
26384
32829
26771
31094
30945
30054
7366
26712
14155
4467
23096
13750
3993
21464
3231
8252
32849
20814
34018
18439
12463
15733
27692
9576
7249
14270
27968
23781
10036
24456
2060
5249
11743
29577
17280
11838
26078
32880
12704
3039
8818
25288
31192
16370
20871
8224
23952
20494
17638
23401
27393
27738
7084
26783
21063
16462
24571
17324
4279
16574
11503
28297
26226
6932
28884
31398
19002
10717
8086
16780
20357
4743
27000
4289
13008
28776
18953
19691
32822
12547
33621
20537
2113
34183
22872
2047
5888
3481
8632
5536
8538
8019
31667
30385
23713
20621
17493
30811
29803
9563
6895
31233
21149
2006
2502
17187
11720
27936
9992
28803
20921
19362
16900
15494
22091
18072
28825
9948
14464
13008
4335
16227
2512
22702
4966
6217
10689
6004
8396
9074
15800
19904
28883
32537
23311
11095
25794
30137
5991
20512
14954
13614
29504
23668
27484
33047
21191
22165
3161
25728
30958
2427
16650
9918
14530
16599
6129
1945
20730
1618
25248
1713
9675
17429
24105
14874
19716
28815
16341
30794
8278
10098
31257
22837
18931
21503
19909
21174
32604
20612
31615
29745
24179
7971
10608
34167
8408
8148
20797
3305
6514
26541
19001
32993
12364
7522
17369
10317
20643
32520
17512
28317
32061
29982
32763
12000
32508
22221
7080
14889
25010
17263
12531
7480
13111
13647
9609
26966
14521
12719
11057
33921
3668
14864
31743
17609
25826
25261
9930
23290
21013
12873
32737
20603
26307
12074
2554
7286
32640
15718
27499
5177
33650
12893
17309
15069
34145
16775
29885
13349
31502
9840
13748
24232
32454
12288
32858
22835
20278
4352
12262
30569
33153
6618
25514
27052
6544
16288
31229
7233
31914
5200
14200
4526
29252
5207
28261
15463
10010
27987
14964
7082
26238
8733
9392
8104
32240
12295
17330
6373
32496
6498
11284
14049
21264
31044
17705
23032
22093
33928
21995
15495
27551
7189
24117
14160
16335
21604
4147
9504
11913
5692
32278
10671
32178
15552
20492
24519
25339
21676
5743
12968
1975
24796
3132
26284
32490
18446
24008
5415
24994
20456
18350
8081
34186
18749
8716
24039
33212
20876
11247
3150
30167
19913
11019
15354
18257
33376
13232
19278
18703
27768
11513
10564
33075
16500
25927
26640
33078
12736
19181
25344
33846
26570
7469
31655
18321
17486
10596
12858
20914
24279
26753
7482
6955
22915
4283
33875
19972
29446
28548
8837
3923
31217
8120
21377
34573
34101
28699
12374
6684
5602
3586
24396
2738
34357
18512
6928
29404
27090
32420
13586
19802
17230
4305
5932
32942
13040
25231
2180
8307
33465
18288
14771
22768
13217
27413
23591
14573
28708
2465
18629
19909
2045
3182
31187
17853
22834
24319
23574
3220
19024
4150
15159
5724
14840
5063
19820
19592
1946
14317
8788
20805
6529
9052
31010
3342
33808
28534
16893
14970
13899
12993
20135
25689
20377
3993
30301
2560
33479
6946
12543
24033
10833
12417
28017
21087
29149
33868
10049
26848
14601
3134
32650
30499
4966
3888
23832
22228
2500
28996
22476
13149
32945
4196
29506
27136
26684
17643
27826
12322
6399
23201
8212
29674
33372
5613
18568
11019
3590
6470
8180
33758
23747
16107
8687
11444
16497
15060
30174
9578
5959
6376
17500
20286
27742
27504
31712
12000
33136
15820
18585
5325
9695
8036
17309
8152
32505
23266
7491
19977
9594
11679
18125
4011
15442
4954
24395
4257
25769
31280
26556
11257
13089
29384
33397
15812
2651
12495
16839
18212
32444
28580
18908
6310
10097
3924
18914
30418
32944
32200
4203
27905
17217
16445
16148
17007
21822
12533
24933
17809
14359
17708
27385
25001
6104
28494
24799
12951
24495
29031
12863
2802
30633
13275
33857
8279
4028
29783
29994
20993
7178
24839
6857
15770
26212
29706
16401
5713
22797
8995
9735
29229
26305
14257
19423
33185
13302
25313
33377
25952
25954
25122
20114
5746
14269
18393
24465
5256
17608
15446
7103
20109
6542
19207
2338
31101
33258
4076
5388
18810
11593
22859
32503
16669
4273
4517
27316
2826
10755
34280
24005
4551
2173
23526
11271
18894
16002
19718
6036
25056
8350
31034
10215
19869
30149
26161
31809
24146
31963
32461
7500
24082
27514
9943
4606
24840
18927
14066
15297
16651
20613
29901
15825
30579
10759
23453
29669
18731
16256
18635
15377
30984
28997
24809
6123
29785
24885
16619
26861
11712
12864
20372
19482
6720
24870
17198
22756
33942
6785
12158
18254
10957
12806
12279
16718
23053
7944
33326
25461
31924
8765
9358
12497
20135
30917
19789
32275
11243
16488
19870
6125
11631
28960
13609
10430
34860
4055
18872
8561
25200
32369
10035
10658
4983
3341
7118
23299
33084
12424
5249
19455
4238
33347
11705
11677
23398
27943
15437
32934
8568
11238
25267
9738
9992
31875
34420
20096
30207
11540
14813
3437
13630
26055
28151
4871
2610
21539
32954
20922
14505
7056
31614
4811
29924
12058
5554
15931
7149
30834
20432
23022
17963
28725
14992
33804
26675
2929
15965
27816
30177
8806
30469
4767
15272
13449
30644
18371
25126
11727
2851
16441
20475
4391
17421
12576
24028
11336
29155
17011
4323
14510
19904
22577
20265
3551
29599
30395
17047
18675
31692
18045
24057
3411
18584
31440
14420
17089
23633
8223
12922
29849
19313
5449
6875
13910
7958
13383
17310
12631
15282
28175
16113
16356
8196
23992
13725
14700
4167
5854
3037
21520
33193
13128
18544
16230
23038
25544
29165
23670
22454
34915
22103
14089
13836
5042
28913
9252
24961
15752
25171
10703
20617
18646
11966
5146
21636
24779
13997
23394
30447
20799
7596
16337
14044
7761
4973
15908
15007
16207
13081
16817
18891
32983
27876
14248
9053
21052
11748
26521
33846
33323
14883
13622
29135
11919
27891
12123
7464
27569
21377
4171
29185
26276
21933
4925
9805
34528
24857
17175
24036
21293
19072
9849
13944
7619
22858
27901
20426
15279
12637
33213
9245
19320
3893
10006
17643
20227
2615
32684
20440
7348
20802
10414
12260
27606
5512
18780
32484
32829
6044
15302
6963
14633
2763
13014
17829
34670
17072
33168
23484
3794
24323
26521
33311
30391
27058
34550
21319
11770
6963
26391
26236
9754
14616
10516
17152
18845
17124
20790
5002
12719
24861
18873
11765
24333
19106
33488
17210
31265
5183
21482
19356
24174
7807
33332
33570
29999
5569
4191
2634
9019
14478
15267
32508
20012
22570
18948
8637
15552
18281
3540
23333
22144
11204
17017
13715
34463
25772
9840
7967
17956
32031
30354
34768
4428
23416
11926
12304
19497
9099
13016
15196
23184
32497
18264
23360
28466
16289
30726
9859
22025
4288
22077
28831
15862
10683
12173
13683
17832
14226
8637
27964
20415
28791
12304
23746
25137
34199
15816
13775
5357
26424
4585
7141
21439
3844
18495
24880
30580
17572
21410
4026
31294
4241
30073
4830
19290
20775
20093
5375
34287
9724
27840
25978
3898
9583
31469
31448
24552
4228
29905
25929
31939
30959
34074
17742
25233
3438
28767
6837
26937
32860
12641
32714
25128
15492
10897
9420
30195
23603
4306
8094
34110
5777
29567
25535
4316
5936
34224
30332
27960
29670
3257
13156
17651
13528
6132
13565
11982
8920
26049
13749
23243
20465
6602
32027
6799
3647
10380
11599
18699
18692
7187
33975
21851
29689
5636
26612
29934
34018
13025
18453
16616
11109
12937
14602
17092
15132
35326
19547
13374
31721
17003
33818
30320
21642
18790
29206
33851
33645
5746
22353
25576
22981
18888
22452
23567
11485
10327
5634
28600
29100
6409
19467
26049
13995
34632
13090
24448
28643
20161
20688
17064
18762
5223
31690
31345
29519
12475
11553
21491
7604
3915
29113
31187
5276
10105
4092
21282
13285
29310
13775
18818
9399
33455
17093
14987
6493
8190
33427
6253
31572
3523
27589
32214
16290
23997
13999
14614
21865
29779
24741
4737
25276
8736
28527
21012
17329
30383
35063
18524
32696
12419
13125
24212
10539
28251
20653
29198
23334
34228
11335
32468
18840
8846
10912
23950
6042
5235
29359
6310
26624
27830
8971
7339
23598
20985
26459
18419
29998
11505
33293
7557
2815
4718
7755
7989
20015
3733
32298
4881
34732
13680
22821
14332
2775
7338
32459
11673
3546
8851
4532
4971
23611
9834
28345
9018
6066
5596
5220
19128
31544
29640
7846
34916
21601
15429
10952
4015
9963
18918
14244
30813
11927
8253
22037
32047
13111
16285
15788
3519
25353
26148
6565
14251
10051
25081
8729
10997
9967
22739
21877
23978
27641
10427
26154
4802
24199
17938
12454
18504
35464
15061
19844
20667
25488
11040
5119
7091
31459
33521
8365
29127
23504
12591
13418
10159
33344
5099
32657
3238
8078
31205
11635
6162
8601
23890
17409
6759
12312
15324
11212
30025
5166
12267
29744
7921
15935
12067
10187
29905
24065
4654
17716
8571
16598
18875
12266
6591
27225
25798
11659
29971
6966
19482
17223
9529
14912
22293
34707
20763
21437
7596
15394
22266
8964
11182
17425
14791
23115
31053
19042
32209
7354
19674
11435
14497
24260
27088
32271
22562
8374
12564
13934
25862
14224
5755
25049
17508
6165
3981
25673
15526
22558
24457
9616
16802
23091
25769
14735
19463
22364
19110
22698
16379
15157
18047
15481
9986
34369
16247
13504
16674
10880
35164
34978
12613
5700
5135
30737
18654
24896
13377
29065
14031
20450
27003
20478
7563
8419
17761
13587
21623
22812
22583
21388
22679
33179
18084
15878
12390
3062
27830
3557
18181
20703
12839
30351
33432
23801
29663
6360
6638
32746
9913
10940
28000
20914
6026
18260
26363
8763
27744
31491
9697
34608
19207
24561
30956
31763
18642
24250
27797
18570
34711
26471
28692
8442
9212
13981
21961
13655
22769
31508
13019
8763
31870
28491
25119
30773
14783
15226
11835
19811
11309
13257
26379
3395
16414
18111
26179
31430
31888
12285
18262
6310
6690
17196
22167
27642
35683
25396
31646
19720
23119
31150
8942
14938
32535
33437
27349
25108
5153
32856
6035
21892
35664
27595
4798
6907
18565
29919
31204
4571
17766
10039
32883
23794
8798
18205
10454
18182
18660
31420
6369
21937
33537
5007
3439
32368
11276
3097
12617
12790
24249
3543
23370
12742
17490
4979
30657
25600
26947
31546
8471
6523
15068
7632
11186
31253
4691
15650
10520
35655
28936
24477
9816
34045
21005
27550
10662
26788
13542
5929
13125
3716
17805
32733
17834
7504
17850
32551
14558
8187
7008
3767
23844
11726
10363
20784
12508
22712
20489
4900
11687
21989
19542
22591
28876
5265
14973
18626
17114
14111
32556
4915
17039
8805
26791
5715
14073
5963
12816
26449
19675
35476
19429
34877
17234
12027
3530
25279
19384
25986
13705
23305
8393
34823
22359
3850
6404
16920
9049
5605
14420
27656
9318
21409
34032
7234
23567
13602
9088
25310
24540
26712
32385
25458
23513
25782
31978
16683
7761
22502
35856
4380
4314
19131
32967
18133
17041
4711
5066
20280
26535
25070
32093
19848
29213
4058
29744
11971
10187
25649
4999
34610
22951
33444
27800
28222
8260
17673
18228
19589
16793
6667
21930
20525
9220
15392
24553
31608
29327
21692
10724
33177
22129
24517
6459
26055
27096
25414
24087
4239
18405
20327
9045
20334
24056
6813
35304
29343
25135
28190
29560
32050
4905
30360
24655
7006
9488
11554
25718
21272
32726
11379
30747
8932
12990
26193
10038
33516
16671
19789
25709
31823
11365
18094
33588
19131
24408
30891
7480
15422
24225
18653
26366
17241
25225
7923
14279
28503
15877
16296
18616
16092
14064
21490
28471
32961
13207
28796
22168
14111
24954
12631
31993
12458
14673
15853
30570
19521
33870
18742
16722
6851
18082
25134
6926
21283
13122
10374
15322
19647
3307
14745
23285
29677
6243
27043
21504
27863
33795
7469
27303
22666
26738
22220
29060
28745
18099
19723
22592
27431
10082
7334
25852
25045
16186
27385
7407
9400
15579
36023
8272
14398
9162
34015
32118
27507
22714
28652
16190
15567
17162
12109
15021
33106
10126
26900
24534
33236
8338
12274
4606
33430
22300
26467
19199
26908
24946
14374
3562
29759
27356
10480
27888
14974
34987
12129
9859
25237
24698
19767
7608
19025
33716
3522
12784
4002
9303
30616
14775
12274
34551
18057
9452
12725
22021
33237
35363
35905
14929
17053
9031
16864
23758
16024
32132
24612
13717
27399
24675
23163
19501
19435
12343
29443
19722
17269
20409
9632
6227
30142
17647
18763
11753
5304
9554
23469
6820
10341
36143
10988
19168
10054
9806
20933
26168
29463
33234
14811
6289
3513
18784
6222
27739
6768
35715
6288
6675
32590
10063
10612
28940
15087
6981
8328
15728
16999
15223
10149
20353
31609
4845
10436
34853
9994
29766
11283
3746
20436
32162
23625
5030
4447
5056
9526
17802
19245
6244
8350
22999
5173
24572
17735
20490
33428
10882
35921
20884
7038
9124
32966
21285
32634
11811
28018
23338
9935
32377
7413
4501
16953
18622
24598
31964
5089
34252
20058
4164
21644
5026
29910
28511
30995
13574
26433
35539
27667
13423
26445
31326
4069
11809
5687
14359
7377
17818
25757
8439
12158
18989
13457
24215
7085
3821
25067
7739
22311
31180
9443
14608
4340
3588
33503
12722
18638
30134
16777
10993
31446
20177
4133
15317
13189
16182
23330
17632
8164
5146
32238
10898
28160
28843
18191
6451
4504
20470
33392
13772
16666
24072
32248
24695
16078
27731
15457
27608
16976
34132
19016
28140
5699
25459
27008
3585
15940
20267
34476
29702
14621
10346
11533
15621
13115
7995
27800
6382
15715
24482
26188
30102
23456
13511
29378
23295
32896
26455
5894
23770
18559
23336
15269
17738
35268
12316
23047
23787
35851
27207
5119
29715
31971
25940
27041
4440
29721
5924
33108
26962
7284
26041
13864
33698
21666
5203
24681
12594
23667
35800
35956
14271
25157
33401
5065
22165
33984
18067
19554
34970
7363
12499
16963
10126
25501
33182
12115
21649
18817
11696
9578
18918
4148
24067
7851
31222
32265
9970
26644
8088
15631
15006
6739
9103
14985
6801
5339
31572
6814
36001
12088
25879
5202
22295
5279
9472
18869
34833
32202
10170
28762
19493
15619
11826
24075
6215
20606
26268
19899
10989
28395
5816
28860
10353
16972
15187
8243
22198
17668
16656
17096
15374
30001
14952
15010
9563
21052
14064
28562
22389
22703
8154
18830
28620
28742
15807
12130
14415
32840
19356
23970
29324
7703
15130
10723
24088
35334
36370
34346
32305
28268
26960
22693
25250
5367
17559
31641
30695
34370
23526
31132
8850
18345
17914
23044
10733
11100
21524
4511
13793
26290
7932
27557
25622
25280
25926
32490
14428
31531
7892
33624
27722
7994
27036
7069
25124
35119
13227
26401
16130
32728
18026
28731
28719
22113
5921
19108
8144
7788
32953
30252
23750
16483
19142
22955
31189
28173
8645
27195
26629
9056
25761
21156
4168
10647
27517
12056
28766
20612
11181
12577
32502
21030
23813
16343
6934
5246
33879
26710
35516
15775
34615
12911
19654
19973
11521
11678
16911
13607
12574
19004
29147
5199
19074
21238
28021
9130
19577
6782
5910
28059
17572
12672
20489
21589
14910
14552
21005
5545
29348
9218
14331
16668
24341
32722
31144
21565
6070
4453
24333
28982
34777
24919
11941
25504
12158
34614
6935
26524
7706
18743
13333
26399
35480
25640
24196
8589
11422
4006
6109
29066
15121
4752
35027
9485
13275
31676
11062
7093
20716
21224
34583
8033
20094
22003
19245
11003
26270
5709
17527
5012
9704
35500
31011
18358
32146
26880
27311
6389
13996
23722
17230
17352
10917
27880
29325
10647
25874
10132
32054
28949
4779
25615
33908
32976
24982
12920
18489
34823
14057
19233
10461
35259
23914
4675
27656
7688
4505
33776
18641
23990
36592
7242
32551
11276
33385
4083
32368
21220
34369
26820
24433
9477
35579
23234
13678
6828
20905
25933
31378
7276
23399
5275
7057
28728
29224
30565
26251
31935
11957
7392
24884
22264
8178
12015
18994
19965
30563
31895
18886
26908
24304
34995
5551
35883
23525
28905
35915
13853
25405
16604
35584
36307
33568
34211
33754
12596
17834
13691
5749
31360
12526
16312
12318
12257
34875
22786
30517
20804
12958
22461
34261
30822
27303
13513
14264
32562
7024
33900
36692
24650
36572
31628
30282
34276
20765
21794
23809
31447
28025
11243
32142
12789
26701
7265
17880
22428
6738
17129
11513
24968
20767
27214
30695
20715
22767
32366
12627
23232
21413
5939
22737
27228
33037
12229
36154
12870
23653
24062
13902
16200
13084
7711
29086
16838
6361
34497
18090
33103
23743
30990
26182
11890
25584
8496
31042
34515
36175
23306
16969
32638
33419
20262
5898
27002
6745
23535
29846
17570
12288
7969
13065
13488
5147
13181
7277
19611
31386
30401
27355
9251
35339
27607
29155
27561
28696
36173
30511
29253
8016
9221
32354
21011
6698
30254
35910
14029
28486
25202
9511
29343
19191
15217
35450
21814
16895
30575
31683
31003
14745
34889
32437
31551
4285
28590
29338
20695
28319
25483
29429
12137
23161
5831
19814
15143
32906
31281
36559
28541
18526
35255
27573
30182
8273
31192
34793
24323
8783
22876
24935
29166
30173
31554
25214
34252
4957
15610
24369
6561
19597
31956
33246
7785
15954
21689
27421
10084
36788
27929
35051
29873
8745
31780
26888
35870
5910
17725
35485
21567
20115
11435
29474
26045
17263
13202
35455
34545
26739
28706
33393
34225
27371
22031
19760
25450
32355
25409
26447
34671
5551
33996
30947
27537
11566
18466
4583
30448
35407
11400
34271
31505
5203
10438
10940
34608
10837
14627
32512
34263
6792
35216
31522
22703
7873
36900
4660
26263
33333
11208
9667
20467
21635
6964
28927
15686
19957
24602
12059
31748
18690
25248
33015
23969
29976
26900
22013
36078
9881
14299
23625
19877
26660
28075
15372
23106
12565
28667
8754
21525
25935
31671
24130
31126
33337
11831
6022
5880
7430
6770
23917
25857
5690
15983
5933
18968
9833
27901
5804
12704
10306
32676
21153
28036
17357
25819
35830
22035
24305
24187
25202
7183
30521
33908
7316
33024
18648
24511
9922
27086
26346
12692
36259
32655
10492
15068
30665
21150
4559
6121
25235
13293
4953
33893
9809
14492
21517
7048
34218
7114
22876
26766
19515
29355
15228
23401
16513
26330
18024
30131
27897
27377
11304
17382
33925
7512
11346
30415
26130
19802
21713
12608
33656
22142
16357
24070
12193
17940
29547
8730
6126
32526
17759
16156
27862
20497
27039
31228
32209
12236
36081
23035
19572
5001
8520
21458
23261
5121
16195
13616
14673
21621
16631
25706
5924
24570
31214
18542
23257
28949
12399
27898
34187
22407
15360
14091
25996
28778
27946
15767
23627
25725
8828
6782
15227
8381
11987
18367
32113
15669
29912
23783
23758
17942
23497
16592
36703
6922
33149
9095
10305
22726
19874
21646
25929
32990
19018
18756
27554
21470
26022
26529
14264
4502
33040
26918
17493
5045
29007
27156
11530
30362
21527
30941
20433
17510
24272
14808
12784
22102
35480
29496
11297
24656
16779
5439
8687
23227
28994
4783
18531
16020
9881
7554
16352
18366
5814
7130
34124
12698
14663
26939
32368
8664
22538
14328
9634
13709
14227
9963
6305
25733
15690
24425
36544
11994
14003
20341
31303
18629
9714
21556
22806
14517
14222
26786
30859
7070
17781
11394
12454
33684
35648
22427
23147
9368
28601
27937
34184
17330
34714
17266
12600
7232
13720
13315
35943
12173
35744
34713
33047
12965
20833
29372
36610
36456
21514
13928
14721
9694
25429
14599
36012
22218
8132
11164
32195
26754
32298
36673
10957
23805
9326
11987
15742
22574
33676
24812
30046
37264
21212
9745
7464
33795
20631
30509
28528
20438
27543
22590
11913
33573
14942
33615
29606
15461
25434
16294
31039
23357
23144
14654
25783
13207
6038
27768
21307
30456
11053
31245
11757
18444
21231
30535
35138
11398
29853
36465
5032
20775
8636
33676
22381
21531
34969
28995
21468
35212
30347
21025
12713
28274
20344
10754
5775
15784
7834
25543
23607
23365
9347
14158
11868
35369
34399
11170
21549
8150
33402
35182
10482
10882
19970
20920
34803
15722
32781
36043
12181
22376
11741
34165
24519
6088
7267
17523
14236
13656
11011
24618
5689
27582
23447
29848
33522
21262
7094
22409
24752
21916
13110
23822
28822
14351
31727
16427
26596
26551
18114
33744
7451
33569
37339
24586
36962
20712
29746
36731
21288
6349
25176
37128
4875
4874
12400
12753
19448
25060
30075
29542
26004
18816
13274
8760
16347
6647
27405
12365
29447
32684
30401
10296
18100
11742
24330
19529
9281
6009
32237
13825
34937
10802
7713
35272
14451
16338
30486
4834
15798
14802
10807
23456
28065
31529
9581
5587
32779
13410
36580
26502
31014
13809
7697
28653
27305
15559
34292
6296
20526
27940
21658
34540
35544
28589
27623
16852
16442
25790
30610
24500
8308
8705
33905
20639
22431
28224
7415
6345
11884
12151
36603
36671
7687
16174
16058
29909
23362
22789
11040
30560
7407
22417
34627
29990
8589
13158
36145
5267
14376
30837
28139
33838
20602
9625
33457
30411
22102
10860
9088
12289
23623
30559
18138
13534
22900
21514
20165
29914
32454
28608
10006
32522
26445
24679
6383
6038
10208
33670
30599
16749
33284
30112
35369
36919
15888
5057
22400
22156
28814
15190
13841
33891
12003
15425
17929
18893
30515
12589
14393
20963
20351
12831
34399
10748
24592
5454
32935
10532
36121
12853
21617
27594
21400
23270
28757
14265
28029
32673
26980
23626
33038
12453
17841
25303
24458
29254
20497
9074
5900
5952
22814
37335
23475
5451
35202
22176
35840
34800
10610
35000
21631
21914
33144
6930
13994
10992
14454
21147
30474
16482
21224
22637
13983
7682
14185
15429
15234
20886
23673
31543
11465
19179
33661
24224
17835
21100
9479
18269
17381
19954
29272
14650
5467
18398
36899
15021
35075
27750
28308
23749
34559
28972
25233
32605
5129
6933
25664
9621
9236
22104
5833
28291
32816
5333
32093
34341
17327
26281
33143
8858
13446
33023
11873
24978
31478
10024
17915
6660
31851
10735
37560
30239
23972
28966
6889
27010
28692
17285
6462
22447
36488
16565
24201
32445
11531
16807
32966
31310
8198
4906
31577
29377
24236
16061
9366
19625
17557
21921
7302
27773
5801
29235
6376
25233
20288
25465
12919
4932
30088
14075
5995
12155
33830
5332
18242
37199
8992
8712
15296
20739
14586
23832
9013
9785
5919
10452
36862
26981
17795
31089
16718
18817
12679
22491
26927
35331
17437
12108
5059
23820
9004
6430
5072
11746
8758
6878
6267
28576
9784
35489
20564
17452
32977
36251
15763
36714
34471
25837
8097
19119
25863
31935
5595
11385
31435
29071
24466
30813
14465
32712
23894
35648
19401
37271
14196
30666
6655
24314
19901
18200
19994
21530
21641
12721
32212
12762
17148
25788
10764
7344
30344
10096
7784
36276
12211
29899
29758
23030
19483
23943
15541
17429
25015
17994
5671
19469
8031
22045
12490
12625
5775
10527
34448
23322
21096
7034
19019
6910
24567
16535
21013
32196
11194
23182
33007
7799
22624
26081
29608
12217
29393
36201
29953
12122
10094
6800
32014
30761
23706
13761
16351
9738
22137
35613
36704
32841
18423
10096
5246
24110
29965
8547
9099
14802
19008
25331
12260
25904
36202
10017
8913
5503
35772
32747
6572
14528
26884
30844
20294
18835
29740
10144
13446
5454
9475
18042
31827
10320
10049
8057
7860
21651
5829
27016
5942
34433
20768
25477
25231
23561
32855
17397
32640
12785
17125
20726
30464
7022
5376
13428
12182
30706
24349
24736
36871
6981
19894
6302
13617
15319
22091
29054
16183
6997
36263
24430
31198
7546
13156
9006
25655
16680
5809
11204
23423
12215
14419
16496
27971
22157
19946
34530
5319
16110
35446
14763
26537
6166
20505
8946
30146
10117
12063
12136
24653
37787
22075
11646
27723
15460
22547
36053
37926
5813
27135
12789
23700
15736
32782
12867
28862
11588
27211
35885
18850
24113
22334
12200
25781
12266
24501
27356
19917
23555
32708
36637
32831
25229
8458
25118
25412
9448
6710
12129
26018
8921
18378
36338
31880
36316
8735
11861
35257
9916
29865
17597
27884
6496
6781
25471
17523
19176
25616
22981
8476
19961
35394
27271
12629
29012
21147
28599
10131
7342
18644
15804
24564
28604
12697
23330
35107
22413
6797
24720
21628
36380
11151
5370
29040
14374
7484
6679
22571
5433
30900
15638
10101
30222
33953
16269
6614
27928
33654
11442
22014
27997
9973
36557
7779
19333
23796
6381
9260
21808
22880
6362
33102
29325
33154
17740
7669
34345
7297
15450
34085
32516
27945
17973
27809
20714
6378
12310
29708
18176
32804
21365
24398
25758
27554
7548
20537
18524
13156
10939
17261
17776
17057
19229
21624
10039
7436
33307
36162
21265
18775
22319
17577
15474
17653
35468
20584
24374
25893
33292
36413
13365
18732
33386
34891
21528
16865
34993
14525
15467
21103
22516
12460
27379
11863
36672
9794
17217
22708
23503
11808
29319
18627
7038
9214
17835
14242
33665
34449
9626
31576
8022
19122
11743
37654
15351
27068
37236
18621
37716
12086
16855
35743
19456
35250
35937
26762
8491
25332
8660
17155
18128
17239
15411
13263
24111
17517
22230
12472
36478
5862
11453
24973
5596
8115
28965
18027
26246
28779
30297
37691
9293
7917
14027
25724
5704
16455
29795
12611
24774
35542
25111
7807
7046
25519
35772
6018
6187
23358
28699
20413
27882
23853
33096
37323
6022
6023
32559
32690
19582
23838
24688
10341
18053
34602
15725
5773
10802
6706
29088
15496
20985
12848
26419
25010
5722
31216
16586
29924
26200
12729
21924
26683
17453
35119
13282
31259
31292
20600
7462
36723
7239
17566
12640
33602
10466
31540
15333
36698
24359
12605
22210
12900
7340
33097
22607
14116
22450
17633
16135
16638
35231
9509
36758
33209
7599
7860
22836
31876
14310
31948
21554
31286
26697
36787
20178
37594
7757
8789
23644
28779
28816
29486
31342
11996
36039
13418
8340
32091
25591
22347
28184
25815
26345
9932
27164
22464
26328
30084
35301
28430
28268
25292
29050
30852
9964
31524
8814
14902
7599
14291
36090
36681
32211
8654
14159
16890
37426
7131
28457
18145
9106
6134
14760
15735
34588
15348
30044
22999
28944
14694
25246
7105
24502
23744
34343
30436
12952
6075
6619
20573
16878
35575
32742
30075
35418
21221
27658
28613
16597
7140
14135
23102
25321
16810
37213
7143
5922
32230
34174
11142
29119
27171
33799
16550
29100
22768
26464
5599
18869
19006
9922
8279
18932
32521
11081
24713
32139
28731
31562
12357
20633
11469
12262
12792
21094
25391
26847
17710
26593
6634
12971
9301
33357
23428
37575
36804
11831
22947
11854
10748
36523
19318
16074
26925
6311
35665
18762
16892
8912
14231
19381
28547
7524
23261
21597
31897
34416
24396
14295
29268
28227
20807
22795
20429
8226
13646
14215
12067
17213
29987
14361
15299
34786
10283
23452
24038
13553
15126
22546
16219
10640
15043
18419
36230
10015
18013
25541
7337
30575
27851
31213
20578
17198
31047
6341
28021
11430
29516
7918
14540
33448
21942
9704
34748
8130
16677
31455
9610
18872
11682
6600
12846
9522
24453
24237
24150
37299
9109
24901
10414
33226
5746
11976
32863
9100
31536
22017
28885
27969
25925
31141
15046
25182
14757
23779
32368
9396
19243
7740
23330
9702
38459
38037
10237
36128
24486
33419
10748
9478
15053
37894
27442
26091
15114
23057
5971
28740
21579
14569
33142
35676
12032
31827
14105
31817
29496
34355
17510
18718
20230
19291
36277
15458
15402
37537
25169
15553
18669
10804
11391
19714
26701
34608
25276
18489
36186
33647
7751
11838
38368
11683
31455
37981
18502
24481
9166
36431
26806
36608
12838
9065
10623
35811
16459
9236
31415
8723
22193
29565
32036
20561
38375
6542
7261
35306
16853
12572
37932
13963
37442
34402
25911
25687
27801
31150
31967
24631
27372
31322
37993
10353
21561
11774
35675
28029
27116
6116
16681
38164
11942
21692
12817
29577
35389
16017
23364
12124
28420
36092
10822
33549
25676
17816
31639
20782
6698
37045
27795
16060
27259
18001
33943
18351
27430
18244
31077
33232
30113
30394
37578
33227
18359
26598
29054
38533
8584
37877
15691
20143
34001
11329
32369
31900
31085
23752
9802
11343
31516
37596
35626
16345
29828
7196
23433
9698
27509
12706
19556
24197
17009
17278
34528
16993
13164
6243
6449
16364
26576
38305
28346
33547
20932
17235
37749
15072
10926
24794
18070
29155
15094
7562
8299
11317
20238
18850
20359
16433
32175
37762
12575
7491
9061
9496
18612
29949
14157
13724
23282
31335
23837
25469
12249
11159
22630
27291
16410
22914
17686
35510
20932
25106
14657
12838
18463
20601
13345
16589
10968
22468
32347
30539
10335
23475
24451
26224
6030
31688
19683
29431
15499
21662
30072
16753
21743
27516
20286
7807
12072
30762
35246
14148
20764
33027
35204
13850
29198
32076
20933
6020
19398
29124
32257
19301
34540
15228
12757
30319
18102
31977
8629
26589
6083
24888
6376
5989
17990
10721
8404
16232
24422
14975
11644
26477
25061
38623
29511
29389
25088
34647
18947
34735
9367
22361
16681
25143
30094
25159
18787
26619
15731
25225
38731
36791
6753
14046
9078
28993
32804
37359
27569
37311
9117
18474
22922
16407
13672
12237
29203
38311
12221
18241
13026
28471
15252
38314
16476
29227
28941
31164
18740
29181
30478
23248
17198
18923
17966
28727
25897
32493
37586
37582
33372
15850
8853
19666
10976
35371
37102
7158
13678
12304
18189
6579
38507
20482
11013
32224
10273
38312
18992
12162
18512
28510
33487
22501
28389
23011
28914
11244
8713
37969
8856
24485
27485
20563
22294
30752
12932
12946
19901
28546
8419
14192
26551
24405
29348
20473
8498
9506
22785
19222
9665
13634
20927
24324
33790
36849
6136
26373
17525
36004
37406
10582
26557
28573
24893
14688
36840
32188
30080
18994
22814
33432
19447
34095
9604
31950
14743
14596
24674
25753
26499
29918
31878
16547
25738
25561
12771
32027
28656
31931
15998
14600
24945
23010
11915
32221
21123
19835
28626
38221
27868
34293
13400
29024
33332
22197
26684
23239
20812
30988
16095
22893
7215
22886
6983
35662
29623
17604
22470
23948
23636
35436
12502
23487
12297
26078
22344
35213
25015
17675
28062
31356
34206
16066
29877
7171
17185
19819
27559
26087
37833
8695
9967
25797
29581
8983
8910
21226
26193
27820
21742
13163
30380
25471
16710
9075
37358
12595
22077
21975
25954
15480
21522
27888
8400
29057
17275
9897
16966
28343
16268
36567
20248
27055
38619
11209
7718
24665
34786
22816
38749
27259
7332
17633
35969
16222
27028
17097
36649
17352
13234
27105
26635
13353
16887
12370
37753
16153
24051
31097
26412
9218
18357
19006
17729
10778
8427
38818
32897
33685
37706
25496
21989
28952
13872
7190
8025
14704
30600
28779
9153
18820
35823
37075
10298
37000
10772
35913
9890
27764
38245
16540
19802
15029
15336
37061
11338
24866
27494
21880
13094
25393
25039
15353
25840
22379
15578
34609
25791
20765
36076
26369
16318
37457
36667
22998
39031
6652
21299
19582
38738
25209
20249
27706
17496
25654
10222
24340
11837
12462
12438
22130
33438
14743
25657
12268
31623
39004
24554
39003
17976
27085
8070
25906
18217
37398
33247
38930
24395
31981
22554
16536
38545
11792
33878
12410
20399
13807
27535
13778
26914
24229
16065
20409
28528
9517
24400
37144
17585
21203
25255
9659
24910
19176
31007
11687
37385
24762
15395
25262
22333
18884
10131
15424
18791
32801
16997
34180
9958
10567
14994
6567
28415
21745
30768
14965
11812
10333
27611
13606
24438
18872
7258
18810
34696
8151
14208
34568
27750
14887
10831
38098
36566
29927
33892
38686
18653
11668
10895
10113
13701
7077
7361
37693
17886
8569
21291
21453
10051
10638
30372
30141
24286
25587
30795
25023
15983
30720
19566
15356
38472
32324
19627
19880
18588
22207
34133
11481
8698
12113
29210
38553
6933
20083
28130
12089
26566
30245
23033
7401
30548
29479
16497
12422
18930
11372
30146
37043
16265
18124
32180
6955
17336
12537
14207
28758
31514
11188
38192
23834
21959
8769
25166
38643
11037
26392
23998
32326
17088
10461
10980
23282
28383
13202
24075
18217
7097
21004
10247
15486
30816
25507
25880
30526
7357
31278
37650
9220
20693
37935
29371
35720
22858
18250
22645
12472
27941
28412
28701
38154
14546
13193
30770
38672
37484
32054
14394
8013
17212
10169
13921
36679
35452
35310
28772
9949
15712
9675
7085
21467
10327
38038
12480
8140
38286
33621
17877
12303
7349
21383
31942
35885
8199
13329
34860
7786
6788
18043
35781
8858
9089
9308
23578
30518
19299
22803
24926
33967
13736
9144
8600
12034
37927
38227
13829
34189
26520
24395
12215
9505
10582
26145
12163
32856
16996
27741
13594
33321
29614
27081
26998
16057
37778
25310
26744
9844
17567
21628
19919
28509
35229
34782
35099
10402
23245
25292
15698
11380
8306
34834
12131
25621
13967
23602
34842
37427
24051
16982
27972
38772
15987
9608
13843
25938
24183
8741
16068
37673
13240
25487
8062
18830
12615
35363
19070
30691
30418
11627
21873
34856
34083
20116
29217
34068
7145
20258
23124
26213
9403
16354
13041
30580
20314
7200
10853
35852
17206
17691
22085
30588
35380
20918
37941
31211
39087
34416
29192
38892
38589
35222
24873
36947
20147
10168
14649
25670
25835
15449
19961
9623
15556
37610
7275
32593
12011
21498
21300
11408
29913
21159
14917
20886
28061
20056
15802
27420
8156
31918
8194
18406
7446
28599
38721
16538
10794
11365
23026
8658
20765
34111
24273
31856
16407
36183
21496
20530
39342
14204
37192
17542
6759
30128
35338
25503
14202
27869
33238
35784
6870
37059
34996
35576
8293
15413
33410
39079
14481
39301
15766
8673
21511
28477
23716
7065
15547
9487
38881
20287
32812
38159
39272
21909
20201
32032
30941
13246
30036
9388
6737
20119
20902
35481
29798
10315
27443
12152
33204
7202
36592
20479
24939
35994
38194
9145
27449
14265
13496
29692
14958
9633
34540
7964
29790
25957
8550
23518
19974
35867
26802
20783
38131
10803
32851
22038
16224
11015
31751
28136
18335
21170
13901
21691
22202
20006
28709
12316
33369
35193
7703
14341
8678
16512
34422
27657
32496
32159
38118
10450
25805
31455
34588
12749
21380
39233
22245
33572
23018
25171
34154
32749
23306
18432
11186
20641
17098
38572
29800
34255
28108
19841
25311
21265
18579
20739
35667
30272
27111
11243
8306
7908
11386
21042
31258
27118
35787
39532
31077
17834
18507
24919
28131
20975
38591
35764
24614
37017
24293
23125
25988
31288
19802
17528
24856
19210
15547
19539
22026
7207
14858
33264
12048
7420
10324
10299
7989
33018
18321
12378
32730
30095
8908
32572
20474
13398
10628
12661
14514
34187
30801
20809
15104
18113
38091
13062
27339
18903
8359
27544
23331
8232
18467
38231
8139
9730
28581
22307
34804
25178
25758
25011
30284
36541
38325
22314
31287
23434
38434
20715
36444
17503
28759
30639
8292
35025
35814
25045
17918
7520
10911
11257
17191
10409
16632
32711
17832
24798
11699
32017
31200
23924
38074
14624
23747
12571
24910
18504
28451
24563
13152
34239
11823
34301
15423
36272
30009
16848
20084
7562
11452
14221
9450
20126
27293
16404
9555
24297
26545
39032
8646
31790
28288
9649
23981
17737
10056
8337
23006
30143
25925
15866
11272
28569
22832
10061
25937
38771
19718
22309
19517
14032
19722
11846
28114
22704
25101
21712
18938
21605
16621
15289
7976
31394
37724
21113
39230
39125
15842
17671
26543
18102
18213
22021
32480
12832
17513
10551
35029
23841
28499
37434
18697
33357
18674
15219
30621
37719
28160
14661
22453
34274
32868
23943
36128
25236
18940
24373
30007
19052
31898
10853
34567
26198
13132
27773
32434
29949
39137
12452
22546
27361
22440
8310
23712
22697
13947
15612
18580
35770
34556
9179
19278
7432
18719
13515
26357
25132
10217
11083
29534
29880
13175
32916
18479
17351
31809
10699
21060
25560
29600
34426
38993
37084
13710
37697
29385
38541
8109
13513
31487
37634
22924
12026
30092
18304
12837
7278
15344
27540
30378
31269
27004
13918
9857
39802
20335
37424
10381
39509
29791
11864
26031
38819
8922
25401
27788
24579
19278
7329
33425
18626
15654
15958
17973
22794
31542
14066
18046
37718
12121
13553
13255
29481
33112
12809
36288
29440
21774
18618
29366
11909
13258
34853
29717
29957
25845
14881
37931
24612
31221
20364
20782
17104
20816
26335
24961
33907
21781
8453
34099
15469
30840
14446
37065
8641
14524
36447
38205
8974
9558
8844
18758
15042
13135
10472
38874
21386
24554
12732
30705
20749
26247
38902
29069
37081
36295
10692
29687
30621
20465
16226
24907
24218
25236
13361
29494
30036
24942
30216
23807
27533
8333
7886
20164
30579
27060
19529
15879
35865
10496
10801
38761
21540
19659
25225
15796
17607
23761
26671
31263
23793
35985
20401
16846
25796
19703
10850
29849
16714
8503
38829
30990
12387
15100
32938
22969
33026
8642
12783
18339
39833
27008
18345
9752
28370
15499
8171
33709
38016
15543
18245
9346
17109
32703
37785
33221
24021
10983
24874
25207
15626
29151
9718
29043
31098
31979
20294
29868
22486
31297
7555
35254
8948
24242
29259
35720
35455
39309
17604
34176
23022
16321
12336
22439
39858
29249
20674
28727
31924
33709
25264
15962
33790
8494
22410
16949
29368
33442
21962
24101
24663
26105
22188
19784
26385
23006
22080
25408
29844
39834
18877
31027
37623
35894
20504
11286
15857
32992
20693
20524
38985
29329
32030
15817
38285
20716
26386
23388
27655
31848
9055
34988
25325
11185
10515
20322
20696
16460
25519
31944
24183
20090
11133
35024
24965
23648
38948
28248
25592
40036
24954
22700
11132
9946
17049
19021
21791
30432
37685
8433
22862
11910
35629
39626
35840
26163
25695
16651
27953
35652
20161
23465
23954
37365
27310
21086
35711
32389
15741
7924
11313
35221
21592
13504
21813
25554
35147
33133
35356
23763
7836
27387
21109
28996
9307
28422
27640
33861
23609
18252
27908
18445
36766
14186
27468
39379
35829
26598
31437
21742
14667
29298
39171
24891
32536
33647
22620
32959
27484
13489
24557
8333
20462
34178
37731
12522
18961
37865
30525
18608
26697
31532
9529
38896
25197
31635
25868
28123
38908
20335
15702
21987
18612
20827
37077
36893
15201
22466
39897
26858
18164
27041
26104
13270
29140
12430
31746
28096
39801
19450
34360
19004
25654
27059
36536
12341
18262
18348
35900
27095
39787
33537
34052
35755
27875
22582
24081
22276
26332
14528
10900
39835
15930
22982
36774
23670
21238
8232
36921
15374
31672
36289
21839
29616
12201
37865
18026
23076
33410
28478
34371
15757
9962
28837
10174
38032
27390
22411
12062
19128
25393
8561
13173
11289
14166
29351
13407
13364
17915
31831
30704
17435
37369
33734
34027
33750
11849
28375
36149
29444
39961
31185
23689
27845
20255
31329
8044
8920
19502
21475
38500
21505
38407
32989
35173
16814
23665
21964
36748
10457
8588
24868
32528
16944
18786
35986
39285
36212
18367
25476
18434
27679
24643
8939
31862
20297
11445
30271
35319
31948
23962
34244
35403
12199
26886
14861
9034
38816
39859
22718
16531
31790
16464
24214
38271
34453
20763
15020
31571
30547
26546
20216
32698
19131
24358
23062
14194
37088
23634
11847
10565
31924
12395
22969
25915
28273
18904
9224
39950
32056
10051
34052
19166
17400
33008
30901
20262
30098
40013
21660
30447
31803
32203
33340
24899
10273
27885
17113
17125
12625
32414
24704
25407
37080
39368
28743
26012
29992
10786
35286
12951
21950
30026
38950
38355
27138
17939
10121
25581
34671
25120
21739
15535
10995
32178
16983
15751
12697
8638
13501
14391
33893
14403
16114
16845
15231
13018
7672
11734
31893
32655
10880
18895
39034
16367
33709
27868
11283
30306
22299
12221
18547
40379
27168
24829
26181
24334
18513
35180
10346
22977
15176
38096
12772
12774
28581
29400
37619
22728
27475
17489
37245
17348
14605
26780
20659
34139
27936
32608
39922
31877
26482
12924
22759
36423
30403
23616
25847
40327
16691
24028
25054
13600
38404
14872
13718
38962
36002
18502
16762
11451
38112
37749
38059
29804
23685
14824
40371
34741
11783
24775
8040
18211
11414
36883
27923
14059
37212
35551
12754
14535
19972
30654
18235
38912
14457
28024
24386
39884
9200
14337
34141
37851
35624
27051
15078
37677
12272
35994
12992
19750
21483
34936
28733
18660
28304
36971
19775
24272
33908
11588
11166
13427
33740
14330
21962
10892
18989
22614
21170
29023
14231
23535
12516
14159
29362
31065
36085
9647
16983
21402
22307
8150
8274
20957
39993
30833
26983
8043
21939
37150
20115
26582
34083
38966
27539
9079
7891
22761
9899
34843
34732
20881
15776
29178
10838
33856
9222
22761
26529
13723
38594
9680
26148
36332
35015
31837
34084
20594
19747
19706
30391
40188
8767
17149
17704
28598
33378
25375
18334
21314
23928
28208
18937
30986
8210
23561
27645
11221
11181
33473
31666
20633
9271
15908
20234
27024
14031
11104
24773
20366
15821
19714
13458
38290
26114
11041
18039
19099
14657
17369
35186
36285
12829
24572
14689
10355
15605
8195
33823
9015
18990
21835
19952
34896
21952
31614
38175
18668
34804
26190
14565
30830
21356
30570
10125
21001
13411
28842
14294
15502
30006
13965
12697
16514
39971
38630
18859
9332
26193
26578
38149
9101
29713
37613
14114
29289
35428
24774
20393
34341
36285
39056
27468
20922
39432
18458
31728
28041
23530
18433
39950
23863
36683
20516
8537
26554
18194
12376
17057
13748
25135
33117
21751
10752
20959
25105
25618
10379
38187
38116
10737
16230
36274
37260
10690
26137
37289
24314
29187
18233
24352
18828
18919
18493
21639
18820
19963
17293
37488
11705
16393
10460
27287
24204
36412
30648
16415
19742
21894
18527
15646
25280
25407
22229
33116
33963
31247
17459
11864
32754
24077
33346
29836
29108
27688
40264
34290
32662
16583
22562
37319
29808
12716
20115
11663
38215
40734
37340
20313
17020
24647
29581
15684
14658
20187
29338
38466
35157
13818
32433
22556
37610
10328
34251
34487
8417
33179
32770
22677
29506
38660
28066
35998
19943
23378
31618
19745
24438
31203
16789
17430
38035
11549
20412
17574
11091
21516
31966
11757
39667
35660
11323
27390
9162
19754
31997
13351
39804
23814
38928
30071
18801
33276
36916
32382
26501
21699
34897
24404
39681
9428
37898
38621
31179
14543
34452
30282
28633
28187
9161
24035
39147
31693
26488
14084
25210
23756
22272
20326
35307
9522
37149
31136
19209
18165
36865
38638
21170
35270
20903
28208
18896
14905
23140
29750
35980
21543
17855
26938
25022
11345
22914
28590
18087
23877
20241
32825
8930
31622
18171
24316
30872
21735
39631
30233
25844
16184
33073
14710
34006
14884
14380
30654
37324
26714
10698
15529
19262
9195
16098
10366
32744
12787
21554
24790
19341
22908
34221
32418
23786
24991
17430
40303
22506
15084
26830
28649
10264
22541
15339
32158
22361
31141
8329
28165
15579
29054
23397
33983
38985
8420
10152
13084
27969
13900
36352
25313
13063
28218
12789
24137
11387
23393
35195
31049
31816
31243
12995
24600
18783
37563
23639
12015
34724
12305
29542
14094
14566
11247
35932
38143
14869
38874
14774
31774
28847
33955
17685
23385
27772
27974
32401
16181
20859
18706
38479
38161
40476
35082
13398
13231
8623
33932
17054
19696
14109
39216
40298
11487
38870
33267
40408
27121
23306
10645
12983
27276
29980
31807
31640
25541
19284
31849
39464
13678
12244
40699
11709
18256
22989
12978
11566
19381
11762
22214
37608
35626
27437
17610
36670
40322
36753
29139
13569
13342
35217
19164
21585
22892
35183
36969
30642
18862
34551
38251
14179
18685
20332
25956
22251
39565
12227
38347
24820
32050
36623
18098
13660
20771
36157
38566
15754
19199
31233
36311
15102
22541
14352
17529
25644
38856
24720
18537
17291
36507
15052
34324
36073
30185
23597
14485
23809
19792
33894
9501
38735
37167
35310
9624
22051
14949
27315
18061
8437
27484
21773
31814
23800
28231
15600
13106
11249
26791
20839
16263
11594
26644
26173
28715
21858
11322
9725
18645
20264
21026
40990
10096
39912
17587
34679
22720
25957
38520
13561
24647
13863
10403
17052
30570
35862
17234
21146
34768
31048
33554
22236
9483
18200
16289
27825
18810
20344
20473
8390
23149
32904
20361
12115
14219
15975
18630
38034
22897
38728
26850
33141
17308
32201
8411
34968
19849
32129
22456
38773
34586
40408
37392
36823
15420
26396
13003
38289
23495
15825
14636
25711
17830
34888
40976
17005
17463
21107
17008
25127
13556
25591
26925
18833
9300
31875
26125
37096
24812
10848
24576
36328
18906
28490
13481
16192
23651
10111
37657
35907
17627
26389
13278
11488
30405
16784
21052
19924
36924
12212
19130
17694
35986
34712
33505
27315
35382
15100
32320
26996
10203
20444
17587
40029
15574
18246
32229
19455
28872
26216
26132
24624
30334
38381
32788
23041
28181
19338
10391
10736
12898
12755
28331
13919
38289
33364
21892
9797
20747
17885
25468
17444
11422
28445
8792
36155
41176
33650
29901
16636
30899
17920
25923
33984
13944
39169
20952
28602
16349
35163
39336
37673
38256
14456
12108
21202
39225
38994
13472
8622
10395
11725
33737
30432
36220
19786
18807
36585
35494
34169
37992
19743
34668
11374
32302
20828
40592
17144
20785
38387
37988
8750
20471
10728
30768
10058
33187
23392
29908
20923
10172
26198
38062
34677
16688
31632
31934
29580
16025
13265
25352
13057
19390
17233
17466
17372
21085
33130
40079
27258
39464
39060
10227
33065
10765
29331
28008
26098
20154
13551
39336
31414
27233
24997
27916
27517
29112
28700
16556
12042
14917
29274
26312
30131
32216
39544
27239
31343
14169
13395
29245
27185
15555
26501
19154
21876
14961
21908
23521
24599
29593
26728
36094
9068
27670
25859
23932
30348
24426
38508
13198
37101
10499
9452
9900
15158
33213
28029
18745
33361
13993
28032
13666
41154
15629
38574
24905
37432
18347
40785
32355
34146
16710
8884
26654
40964
20579
9688
26056
18762
18509
21608
17324
28252
11099
35311
34686
30002
8821
31561
17401
20906
36309
37976
20422
28888
37643
24056
25504
28317
19524
32820
25526
18811
31947
13498
22608
34983
28368
15756
22966
34912
24169
13305
29518
24704
38358
17356
16900
39249
40713
9923
20974
8865
11878
29762
32560
16665
10951
39241
24094
26058
30403
36004
28321
9225
24368
37729
40668
14717
21222
10631
24847
23670
18374
25349
22715
17536
28923
22761
25351
41273
10880
30418
32354
29535
15842
15528
21866
31789
25672
18570
28940
14056
10672
15624
21997
37045
38267
22419
37129
21165
15404
19249
30619
29235
40557
13174
40508
15237
31059
13231
19278
35474
27618
38496
26779
34316
38356
33009
14394
37053
37782
36772
20659
25886
31636
28106
9314
36646
16566
15927
38945
14432
40490
26611
27937
31296
28773
39730
33305
10935
40804
8838
12195
22277
32312
21588
17378
24783
17345
14469
24937
29041
32954
13949
17752
14229
14069
24401
14536
8965
30184
10292
12650
37565
41065
10547
25962
10565
16310
13347
22170
15165
34744
22487
39116
35897
28809
9110
22399
19920
35123
16075
24255
38128
26555
10495
11078
14708
23134
13829
17895
21497
15898
39540
28205
19949
40560
40027
22591
14312
33385
15407
33286
23104
35543
27144
25490
13272
17885
39693
32442
23352
23473
21293
37379
30179
30881
30481
29380
14820
38996
31310
21127
11691
38483
15838
29617
39447
10183
13009
37222
25300
41605
38208
32423
14567
13639
21379
16573
23431
30012
30115
10459
23343
25796
39186
12543
37617
22388
21658
40985
19469
22369
39060
14703
16322
28571
24410
31552
27492
32759
16895
12455
27311
32274
17725
23235
19547
18322
29358
13589
38128
27055
37439
22825
25564
33267
38883
17785
28355
39997
39300
19342
18198
12812
24895
10600
40423
12026
28624
21024
31228
40583
33611
10700
37922
26392
30222
14499
19907
13888
35315
39266
30139
33341
29642
9966
20328
17606
15110
11578
36864
21252
16822
41323
17960
30430
34999
9530
24514
11641
33832
22938
16902
12031
37919
17563
10196
9120
30106
20111
14920
10711
16313
39531
38800
37359
16682
15728
15354
29381
20964
39434
33105
31695
27928
25080
10346
10333
10084
33709
41210
14367
21835
34550
33706
37096
30178
40158
29294
28081
13771
26319
21266
32481
40551
14585
38934
24524
17736
23543
35771
34169
36837
37296
20830
35496
24466
24956
37125
32019
14767
28553
33080
36853
16415
25468
17170
22473
36348
41563
17559
29524
19592
24490
40264
17893
37991
18900
39157
9948
28428
21965
25811
10857
35954
28150
37582
26518
33036
34881
26400
24456
40958
26517
9251
27137
17805
35956
18531
19242
9684
39131
29432
22160
29625
11113
25107
17260
29728
30148
16342
38439
20831
37433
12649
17181
17137
23714
23626
28322
23918
21133
21988
28226
40634
16026
12644
28493
35453
13093
40904
26260
27348
38949
22072
11629
35143
20564
11930
28669
29690
14737
13921
20662
41767
35970
40869
25886
37579
24445
18553
28626
9376
20649
19577
31691
24140
39776
21666
15585
22488
40152
39271
22925
28259
35843
19200
33267
36632
26803
21510
30752
11869
26114
10813
28048
16205
21489
41393
23027
16233
19535
30212
12080
10890
9949
32262
36523
27419
30895
15750
25540
39556
41685
18792
34720
9705
13371
12792
21035
11029
41678
26494
15453
41393
40928
19731
30653
9402
35790
28082
40740
28722
19680
34706
25796
26389
36208
25011
24936
13710
9551
40887
26877
25451
12900
34804
34898
27343
9366
28615
36892
10022
16621
16939
20797
12382
24563
21642
28230
30293
27489
32211
26170
12429
24311
41932
15509
30247
20652
12970
25228
37391
17415
13023
17815
26484
19661
28979
10029
31355
17628
27926
41422
28980
39255
33076
32583
41165
29443
31307
17458
31493
15857
36921
38076
28644
21598
30042
22187
38825
20695
28688
13471
14597
19361
12963
26263
32646
34647
25932
25528
30294
20693
38540
24906
39717
38485
34242
17156
40292
31192
31741
24713
40372
25288
9999
17458
33182
21211
10979
18190
12164
33338
23824
11815
18135
34531
24237
11527
10379
35659
34920
29051
25544
22600
23762
40087
23267
13871
29949
19706
13452
26937
39753
40532
27977
19756
34939
16933
40227
21559
30479
38343
17822
27933
32976
22958
15343
38038
31397
28143
33642
38386
17070
14335
11322
16127
13455
38333
35412
35629
14348
33203
22702
35312
40407
19609
40107
33894
16037
36891
24026
9786
36999
16093
34273
11720
9848
30139
31924
26497
20018
29269
21771
30865
16455
21195
40210
15552
38508
33477
10082
15254
31768
31159
24624
30915
19790
11875
33476
41918
38838
25503
17197
27307
12787
12888
16436
29826
23857
29911
20878
18030
9469
30531
34390
39027
29018
37223
26554
23892
32529
36278
21492
33204
12872
33164
34172
9851
30550
31415
39547
23163
9686
9782
12419
38740
39418
21568
26750
34196
30755
32137
26341
19491
20142
11712
42035
28383
35344
30556
41368
32899
28453
21656
22001
11213
36805
39356
26360
22496
28057
23711
33464
27623
16172
30058
27973
30203
35653
31902
38569
14663
36469
27225
19745
26473
40684
15061
24458
35100
33424
15409
17430
23060
27473
26996
38723
39978
36278
30415
34574
9657
34236
29474
32355
12104
32225
41666
42201
42089
19580
30586
34460
31712
31567
18895
30890
23304
27999
14216
36163
34931
38660
19310
11418
29137
31804
21073
9681
18707
26948
33099
19492
31952
39274
20809
29797
36839
16413
13254
26280
37990
10310
34010
38975
19882
24027
24180
16873
15816
38320
12515
9798
41516
18321
17564
40078
41856
11919
35127
13187
15568
41879
21946
32932
40427
34377
32282
28580
36108
10246
25087
9754
35769
27979
22728
20346
17132
39230
40655
25924
31345
30599
10222
18299
40847
22625
31554
14681
40682
37617
31790
38465
38312
33238
17571
21237
40403
11777
29855
40713
14846
39879
39668
15000
42028
28212
39755
21557
33773
21667
13672
33572
20426
30347
37296
12747
24035
20892
30440
35939
26583
15883
36159
18419
34276
36138
21135
21887
25936
30267
41952
21884
15879
17798
32814
24456
19333
33193
26732
29272
19702
31536
32968
40946
20636
31333
22321
18972
20082
32617
29462
33556
22031
18564
37489
26241
21452
37562
14341
32426
12585
18591
28387
35302
21613
37740
26419
13395
17293
33361
20529
39371
28239
15373
37750
42004
25519
28349
21881
39255
30338
29169
24405
28372
38233
20229
21965
13267
22952
41903
24973
10462
37416
37588
11442
22317
19577
14240
22925
15458
41484
20181
22180
24183
19520
35427
13306
23540
17355
17210
23953
19557
28508
32092
24364
34059
42367
29238
38233
38354
34240
38192
28591
37507
27923
18051
10325
31803
35187
10314
38084
24348
20682
18909
29645
30786
24337
40282
23773
30712
32696
27524
13440
13356
26184
14801
18980
24353
23111
22206
33568
38500
23132
32870
14068
24065
31411
22867
41170
23542
33443
40852
35422
26600
36238
23055
37811
17173
13065
28697
15526
35978
31293
24388
37710
17814
40077
33656
11204
31358
23418
42310
17703
25458
28099
17016
16355
37312
18384
17645
18739
32072
17232
39844
24549
34352
27170
27158
38494
16089
26737
16841
13789
37393
27172
39458
9988
39306
26485
31355
17300
14474
42207
35445
30072
20197
27198
31887
18181
38953
13618
34552
18560
35608
27332
24226
28384
19803
19532
26776
20438
36724
13202
38289
24331
25845
23091
39877
37033
27887
12358
33535
34076
24238
34368
14068
41498
20131
36373
37843
15584
16290
30624
41245
14783
21582
11333
28343
17624
13521
28117
18494
34852
31952
23729
12954
33463
17821
10547
26582
25925
41135
29769
17710
38885
38480
41827
24426
19733
31894
11152
12651
17918
14996
38883
39172
11258
19409
20252
38411
41812
38906
23684
32687
31567
29395
16409
41995
40809
22643
35307
34300
11744
14769
17606
11568
22390
27866
29713
15488
27761
38565
10486
17024
15079
40808
29380
30804
41528
34955
11921
25285
32732
13885
31267
35220
22879
33127
19985
14605
26537
42462
33573
33248
26499
24797
18181
27437
21335
21426
17426
35550
27191
32439
32913
30777
10273
26756
14601
19637
37762
17763
14827
9997
33784
13061
31864
25748
18012
23667
35552
33992
16896
39494
28583
27433
33589
25371
13389
29516
20241
41026
13102
35627
42095
15030
16551
18367
20022
29778
28538
10193
27359
24897
29812
30989
36145
38327
27981
37720
23119
23518
36559
24163
18677
34324
32314
21888
26111
12627
23016
32181
16939
35824
13613
33295
27935
29833
35713
27193
41390
34105
28385
40781
34647
24333
30066
13034
11534
18876
10856
40071
41280
31634
34342
24839
19217
40366
12710
22669
26856
24685
39196
34449
22573
13350
37334
14388
35409
31256
38759
23760
19215
16800
25604
19668
15346
26032
26670
29391
10520
40572
26002
35530
